     0.000000000000000      0.899999976158142      0.000000000000000      0.000000000000000      0.100000001490116      0.001082531767563      0.000625000018626      0.005000781399037
     0.025000000372529      0.902499976191960     -0.000027066113421     -0.000015626628150      0.099999999862580     -0.001082644520718     -0.000625065116692      0.005000781399037
     0.025000000372529      0.904998413766441     -0.000108244719416     -0.000062495119015      0.099937501490090     -0.003247144191413     -0.001874739606658      0.005000781399037
     0.050000000745058      0.907493727439427     -0.000243485083999     -0.000140576181313      0.099812545432095     -0.005409614502681     -0.003123242445392      0.005000781399037
     0.075000001117587      0.909984357721092     -0.000432702686342     -0.000249821016923      0.099625209782064     -0.007568703980966     -0.004369793359258      0.005000781399037
     0.100000001490116      0.912468748048579     -0.000675779271605     -0.000390161351377      0.099375611618680     -0.009723063265622     -0.005613613294509      0.005000781399037
     0.125000001862645      0.914945345758800     -0.000972562924833     -0.000561509476534      0.099063906932672     -0.011871345952218     -0.006853924904172      0.005000781399037
     0.150000002235174      0.917412603058798     -0.001322868165903     -0.000763758305394      0.098690290529321     -0.014012209434002     -0.008089953033863      0.005000781399037
     0.175000002607703      0.919868977993069     -0.001726476065442     -0.000996781439023      0.098254995906720     -0.016144315740981     -0.009320925206232      0.005000781399037
     0.200000002980232      0.922312935407233     -0.002183134381649     -0.001260433245545      0.097758295109839     -0.018266332376114     -0.010546072103740      0.005000781399037
     0.225000003352761      0.924742947907455     -0.002692557717942     -0.001554548951164      0.097200498560508     -0.020376933148073     -0.011764628049453      0.005000781399037
     0.250000003725290      0.927157496815020     -0.003254427701316     -0.001878944743137      0.096581954863414     -0.022474799000076     -0.012975831485570      0.005000781399037
     0.275000004097819      0.929555073115453     -0.003868393181321     -0.002233417884653      0.095903050588236     -0.024558618834249     -0.014178925449366      0.005000781399037
     0.300000004470348      0.931934178401606     -0.004534070449516     -0.002617746841537      0.095164210028046     -0.026627090331025     -0.015373158046275      0.005000781399037
     0.325000004842877      0.934293325810113     -0.005251043479276     -0.003031691420700      0.094365894934146     -0.028678920763045     -0.016557782919795      0.005000781399037
     0.350000005215406      0.936631040950635     -0.006018864185795     -0.003474992920254      0.093508604227485     -0.030712827803076     -0.017732059717939      0.005000781399037
     0.375000005587935      0.938945862827300     -0.006837052706122     -0.003947374291192      0.092592873686849     -0.032727540325420     -0.018895254555932      0.005000781399037
     0.400000005960464      0.941236344751781     -0.007705097699065     -0.004448540310531      0.091619275614022     -0.034721799200329     -0.020046640474860      0.005000781399037
     0.425000006332994      0.943501055247431     -0.008622456664758     -0.004978177765823      0.090588418476106     -0.036694358080919     -0.021185497896001      0.005000781399037
     0.450000006705523      0.945738578943904     -0.009588556283706     -0.005535955650898      0.089500946525260     -0.038643984182095     -0.022311115070537      0.005000781399037
     0.475000007078052      0.947947517461721     -0.010602792775095     -0.006121525372733      0.088357539396057     -0.040569459051004     -0.023422788524372      0.005000781399037
     0.500000007450581      0.950126490286208     -0.011664532274129     -0.006734520969312      0.087158911680734     -0.042469579328526     -0.024519823497782      0.005000781399037
     0.525000007823110      0.952274135630276     -0.012773111228181     -0.007374559338340      0.085905812482599     -0.044343157501335     -0.025601534379616      0.005000781399037
     0.550000008195639      0.954389111285488     -0.013927836811490     -0.008041240476669      0.084599024947862     -0.046189022644059     -0.026667245135783      0.005000781399037
     0.575000008568168      0.956470095460902     -0.015127987358150     -0.008734147730288      0.083239365776198     -0.048006021151064     -0.027716289731748      0.005000781399037
     0.600000008940697      0.958515787609143     -0.016372812813135     -0.009452848054717      0.081827684710332     -0.049793017457427     -0.028748012548785      0.005000781399037
     0.625000009313226      0.960524909239206     -0.017661535201054     -0.010196892285647      0.080364864004981     -0.051548894748623     -0.029761768793716      0.005000781399037
     0.650000009685755      0.962496204715468     -0.018993349112362     -0.010965815419652      0.078851817875472     -0.053272555658496     -0.030756924901884      0.005000781399037
     0.675000010058284      0.964428442042420     -0.020367422206714     -0.011759136904801      0.077289491926386     -0.054962922955084     -0.031732858933115      0.005000781399037
     0.700000010430813      0.966320413634627     -0.021782895733153     -0.012576360940989      0.075678862560588     -0.056618940213846     -0.032688960960404      0.005000781399037
     0.725000010803342      0.968170937071427     -0.023238885066796     -0.013416976789792      0.074020936369007     -0.058239572477898     -0.033624633451106      0.005000781399037
     0.750000011175871      0.969978855835906     -0.024734480261703     -0.014280459093669      0.072316749501548     -0.059823806904828     -0.034539291640370      0.005000781399037
     0.775000011548400      0.971743040037683     -0.026268746619557     -0.015166268204283      0.070567367019532     -0.061370653399682     -0.035432363896598      0.005000781399037
     0.800000011920929      0.973462387119055     -0.027840725273825     -0.016073850519775      0.068773882230069     -0.062879145233753     -0.036303292078701      0.005000781399037
     0.825000012293458      0.975135822544060     -0.029449433789016     -0.017002638830737      0.066937416002775     -0.064348339648744     -0.037151531884912      0.005000781399037
     0.850000012665987      0.976762300470028     -0.031093866774669     -0.017952052674709      0.065059116069265     -0.065777318445967     -0.037976553192963      0.005000781399037
     0.875000013038516      0.978340804401197     -0.032772996513694     -0.018921498698940      0.063140156305861     -0.067165188560188     -0.038777840391390      0.005000781399037
     0.900000013411045      0.979870347823987     -0.034485773604661     -0.019910371031219      0.061181735999953     -0.068511082617759     -0.039554892701776      0.005000781399037
     0.925000013783574      0.981349974823548     -0.036231127617636     -0.020918051658528      0.059185079100486     -0.069814159478702     -0.040307224491719      0.005000781399037
     0.950000014156103      0.982778760681164     -0.038007967763173     -0.021943910813273      0.057151433453032     -0.071073604762395     -0.041034365578340      0.005000781399037
     0.975000014528632      0.984155812452182     -0.039815183574016     -0.022987307366874      0.055082070019927     -0.072288631356528     -0.041735861522126      0.005000781399037
     1.000000014901161      0.985480269524067     -0.041651645599107     -0.024047589230447      0.052978282085959     -0.073458479909031     -0.042411273910947      0.005000781399037
     1.025000015273690      0.986751304154259     -0.043516206109457     -0.025124093762339      0.050841384450109     -0.074582419302635     -0.043060180634044      0.005000781399037
     1.050000015646219      0.987968121987488     -0.045407699815437     -0.026216148182258      0.048672712603845     -0.075659747111803     -0.043682176145836      0.005000781399037
     1.075000016018748      0.989129962552212     -0.047324944595050     -0.027323069991737      0.046473621896482     -0.076689790041721     -0.044276871719375      0.005000781399037
     1.100000016391277      0.990236099735898     -0.049266742232712     -0.028444167400675      0.044245486688131     -0.077671904349085     -0.044843895689284      0.005000781399037
     1.125000016763806      0.991285842238810     -0.051231879168105     -0.029578739759682      0.041989699490773     -0.078605476244421     -0.045382893684038      0.005000781399037
     1.150000017136335      0.992278534006052     -0.053219127254609     -0.030726077997964      0.039707670097981     -0.079489922275681     -0.045893528847435      0.005000781399037
     1.175000017508864      0.993213554637581     -0.055227244526855     -0.031885465066469      0.037400824703847     -0.080324689692885     -0.046375482049118      0.005000781399037
     1.200000017881393      0.994090319775937     -0.057254975976910     -0.033056176386014      0.035070605011656     -0.081109256793568     -0.046828452084025      0.005000781399037
     1.225000018253922      0.994908281471447     -0.059301054338619     -0.034237480300133      0.032718467332866     -0.081843133248829     -0.047252155860626      0.005000781399037
     1.250000018626451      0.995666928524676     -0.061364200879607     -0.035428638532329      0.030345881676967     -0.082525860409771     -0.047646328577854      0.005000781399037
     1.275000018998981      0.996365786805909     -0.063443126200439     -0.036628906647479      0.027954330832766     -0.083157011594141     -0.048010723890590      0.005000781399037
     1.300000019371510      0.997004419551468     -0.065536531040458     -0.037837534517079      0.025545309441697     -0.083736192352993     -0.048345114063624      0.005000781399037
     1.325000019744039      0.997582427636674     -0.067643107089778     -0.039053766788052      0.023120323063717     -0.084263040717204     -0.048649290113983      0.005000781399037
     1.350000020116568      0.998099449825288     -0.069761537806938     -0.040276843354816      0.020680887236379     -0.084737227423696     -0.048923061941536      0.005000781399037
     1.375000020489097      0.998555162995270     -0.071890499241692     -0.041505999834327      0.018228526527673     -0.085158456121211     -0.049166258447801      0.005000781399037
     1.400000020861626      0.998949282340723     -0.074028660862441     -0.042740468043794      0.015764773583219     -0.085526463555524     -0.049378727642880      0.005000781399037
     1.425000021234155      0.999281561549885     -0.076174686387769     -0.043979476480767      0.013291168168412     -0.085841019733968     -0.049560336740439      0.005000781399037
     1.450000021606684      0.999551792959065     -0.078327234621573     -0.045222250805304      0.010809256206123     -0.086101928069170     -0.049710972240705      0.005000781399037
     1.475000021979213      0.999759807682428     -0.080484960291274     -0.046468014323902      0.008320588810541     -0.086309025501912     -0.049830540001393      0.005000781399037
     1.500000022351742      0.999905475717543     -0.082646514888559     -0.047715988474912      0.005826721317785     -0.086462182603040     -0.049918965296545      0.005000781399037
     1.525000022724271      0.999988706026630     -0.084810547512165     -0.048965393315110      0.003329212313863     -0.086561303654351     -0.049976192863229      0.005000781399037
     1.550000023096800      1.000009446593454     -0.086975705712139     -0.050215448007139      0.000829622660609     -0.086606326708415     -0.050002186936079      0.005000781399037
     1.575000023469329      0.999967684455837     -0.089140636335081     -0.051465371307506     -0.001670485479804     -0.086597223627287     -0.049996931269645      0.005000781399037
     1.600000023841858      0.999863445713755     -0.091303986369820     -0.052714382054831     -0.004169549621165     -0.086534000100098     -0.049960429148548      0.005000781399037
     1.625000024214387      0.999696795513028     -0.093464403793000     -0.053961699658053     -0.006666007929731     -0.086416695639494     -0.049892703385426      0.005000781399037
     1.650000024586916      0.999467838004608     -0.095620538414052     -0.055206544584270     -0.009158300200316     -0.086245383556945     -0.049793796306675      0.005000781399037
     1.675000024959445      0.999176716279486     -0.097771042719020     -0.056448138845921     -0.011644868831376     -0.086020170916925     -0.049663769726001      0.005000781399037
     1.700000025331974      0.998823612279263     -0.099914572712712     -0.057685706487007     -0.014124159798451     -0.085741198470006     -0.049502704905785      0.005000781399037
     1.725000025704503      0.998408746682446     -0.102049788758651     -0.058918474068034     -0.016594623625389     -0.085408640564884     -0.049310702506296      0.005000781399037
     1.750000026077032      0.997932378766530     -0.104175356416310     -0.060145671149390     -0.019054716352709     -0.085022705039427     -0.049087882522784      0.005000781399037
     1.775000026449561      0.997394806245956     -0.106289947275089     -0.061366530772845     -0.021502900502531     -0.084583633090776     -0.048834384210487      0.005000781399037
     1.800000026822090      0.996796365086053     -0.108392239784531     -0.062580289940871     -0.023937646039451     -0.084091699124607     -0.048550365997598      0.005000781399037
     1.825000027194619      0.996137429293065     -0.110480920080246     -0.063786190093497     -0.026357431326757     -0.083547210583637     -0.048236005386256      0.005000781399037
     1.850000027567148      0.995418410680415     -0.112554682805034     -0.064983477582378     -0.028760744077408     -0.082950507755481     -0.047891498841611      0.005000781399037
     1.875000027939677      0.994639758611333     -0.114612231924694     -0.066171404141805     -0.031146082299162     -0.082301963559984     -0.047517061669039      0.005000781399037
     1.900000028312206      0.993801959718018     -0.116652281537997     -0.067349227356346     -0.033511955233271     -0.081601983316158     -0.047112927879585      0.005000781399037
     1.925000028684735      0.992905537597506     -0.118673556680338     -0.068516211124828     -0.035856884286160     -0.080851004488872     -0.046679350043714      0.005000781399037
     1.950000029057264      0.991951052484445     -0.120674794120545     -0.069671626120382     -0.038179403953498     -0.080049496415449     -0.046216599133460      0.005000781399037
     1.975000029429793      0.990939100900964     -0.122654743150357     -0.070814750246243     -0.040478062736089     -0.079197960012346     -0.045724964353079      0.005000781399037
     2.000000029802322      0.989870315283862     -0.124612166366077     -0.071944869087040     -0.042751424047015     -0.078296927462097     -0.045204752958308      0.005000781399037
     2.025000030174851      0.988745363589363     -0.126545840441909     -0.073061276355285     -0.044998067109454     -0.077346961880719     -0.044656290064334      0.005000781399037
     2.050000030547380      0.987564948875658     -0.128454556894496     -0.074163274332771     -0.047216587844619     -0.076348656965778     -0.044079918442615      0.005000781399037
     2.075000030919909      0.986329808863521     -0.130337122838182     -0.075250174306633     -0.049405599749262     -0.075302636625352     -0.043475998306653      0.005000781399037
     2.100000031292439      0.985040715475258     -0.132192361730530     -0.076321296999766     -0.051563734762195     -0.074209554588107     -0.042844907086876      0.005000781399037
     2.125000031664968      0.983698474352275     -0.134019114107619     -0.077375972995351     -0.053689644119280     -0.073070093994736     -0.042187039194755      0.005000781399037
     2.150000032037497      0.982303924351585     -0.135816238308674     -0.078413543155220     -0.055781999196368     -0.071884966971020     -0.041502805776308      0.005000781399037
     2.175000032410026      0.980857937021547     -0.137582611189564     -0.079433359031795     -0.057839492339640     -0.070654914182776     -0.040792634455151      0.005000781399037
     2.200000032782555      0.979361416057176     -0.139317128824735     -0.080434783273348     -0.059860837682853     -0.069380704372956     -0.040056969065244      0.005000781399037
     2.225000033155084      0.977815296735363     -0.141018707197121     -0.081417190022325     -0.061844771950960     -0.068063133881218     -0.039296269373509      0.005000781399037
     2.250000033527613      0.976220545330359     -0.142686282875625     -0.082379965306484     -0.063790055249621     -0.066703026146232     -0.038511010792495      0.005000781399037
     2.275000033900142      0.974578158509883     -0.144318813679728     -0.083322507422610     -0.065695471840092     -0.065301231191063     -0.037701684083253      0.005000781399037
     2.300000034272671      0.972889162712239     -0.145915279330816     -0.084244227312561     -0.067559830899024     -0.063858625091928     -0.036868795048633      0.005000781399037
     2.325000034645200      0.971154613504825     -0.147474682089820     -0.085144548931406     -0.069381967262691     -0.062376109430683     -0.036012864217174      0.005000781399037
     2.350000035017729      0.969375594924436     -0.148996047380774     -0.086022909607439     -0.071160742155174     -0.060854610731362     -0.035134426517783      0.005000781399037
     2.375000035390258      0.967553218799779     -0.150478424399891     -0.086878760393828     -0.072895043900064     -0.059295079881128     -0.034234030945430      0.005000781399037
     2.400000035762787      0.965688624056614     -0.151920886709785     -0.087711566411689     -0.074583788615222     -0.057698491535999     -0.033312240218040      0.005000781399037
     2.425000036135316      0.963782976005964     -0.153322532818465     -0.088520807184368     -0.076225920890167     -0.056065843511724     -0.032369630424815      0.005000781399037
     2.450000036507845      0.961837465615831     -0.154682486742734     -0.089305976962723     -0.077820414445681     -0.054398156160175     -0.031406790666192      0.005000781399037
     2.475000036880374      0.959853308766885     -0.155999898555657     -0.090066585041199     -0.079366272775189     -0.052696471731664     -0.030424322685682      0.005000781399037
