     0.000000000000000      0.899999976158142      0.000000000000000      0.000000000000000      0.100000001490116      0.001071706449234      0.000618750018236      0.005000765852161
     0.025000000372529      0.902499976192366     -0.000026795452274     -0.000015470361857      0.099999999878855     -0.001071818075007     -0.000618814465061      0.005000765850550
     0.025000000372529      0.904998429391849     -0.000107162272168     -0.000061870167785      0.099938126490123     -0.003214672747839     -0.001855992209459      0.005000703977157
     0.050000000745058      0.907493789928852     -0.000241050233034     -0.000139170419415      0.099814419992775     -0.005355518354839     -0.003092010019139      0.005000580270651
     0.075000001117587      0.909984513908451     -0.000428375659255     -0.000247322806607      0.099628957699344     -0.007493016937188     -0.004326095423200      0.005000394808345
     0.100000001490116      0.912469060333417     -0.000669021478537     -0.000386259737638      0.099381855517728     -0.009625832627846     -0.005557477158434      0.005000147706146
     0.125000001862645      0.914945892067293     -0.000962837295076     -0.000555894381449      0.099073267878746     -0.011752632486428     -0.006785385651338      0.004999839118486
     0.150000002235174      0.917413476795054     -0.001309639483550     -0.000756120721910      0.098703387639629     -0.013872087332250     -0.008009053499071      0.004999469238222
     0.175000002607703      0.919870287980750     -0.001709211303880     -0.000986813624074      0.098272445963487     -0.015982872575021     -0.009227715949059      0.004999038296516
     0.200000002980232      0.922314805821547     -0.002161303036683     -0.001247828912387      0.097780712174839     -0.018083669042668     -0.010440611376937      0.004998546562694
     0.225000003352761      0.924745518197550     -0.002665632139343     -0.001539003460789      0.097228493591300     -0.020173163805780     -0.011646981762542      0.004997994344073
     0.250000003725290      0.927160921616830     -0.003221883422585     -0.001860155294666      0.096616135331508     -0.022250050998142     -0.012846073163651      0.004997381985771
     0.275000004097819      0.929559522155058     -0.003829709247464     -0.002211083704574      0.095944020099443     -0.024313032632860     -0.014037136187166      0.004996709870493
     0.300000004470348      0.931939836389159     -0.004488729742623     -0.002591569371681      0.095212567945250     -0.026360819413563     -0.015219426457468      0.004995978418289
     0.325000004842877      0.934300392324402     -0.005198533041704     -0.003001374504828      0.094422236002716     -0.028392131540166     -0.016392205081620      0.004995188086292
     0.350000005215406      0.936639730314350     -0.005958675540749     -0.003440242989146      0.093573518203579     -0.030405699508710     -0.017554739111155      0.004994339368435
     0.375000005587935      0.938956403973092     -0.006768682175438     -0.003907900546118      0.092666944968840     -0.032400264904754     -0.018706302000146      0.004993432795138
     0.400000005960464      0.941248981079186     -0.007628046717989     -0.004404054904993      0.091703082877260     -0.034374581189848     -0.019846174059270      0.004992468932981
     0.425000006332994      0.943516044470750     -0.008536232093537     -0.004928395985447      0.090682534311275     -0.036327414480578     -0.020973642905591      0.004991448384345
     0.450000006705523      0.945756192931143     -0.009492670715781     -0.005480596091369      0.089605937080519     -0.038257544319701     -0.022088003907781      0.004990371787041
     0.475000007078052      0.947968042064683     -0.010496764841716     -0.006060310115670      0.088473964023218     -0.040163764438892     -0.023188560626483      0.004989239813906
     0.500000007450581      0.950150225161842     -0.011547886945194     -0.006667175755952      0.087287322585689     -0.042044883512623     -0.024274625249573      0.004988053172388
     0.525000007823110      0.952301394053402     -0.012645380109116     -0.007300813740944      0.086046754380204     -0.043899725902704     -0.025345519022010      0.004986812604097
     0.550000008195639      0.954420219953013     -0.013788558435976     -0.007960828067531      0.084753034721513     -0.045727132393014     -0.026400572670046      0.004985518884350
     0.575000008568168      0.956505394287642     -0.014976707476530     -0.008646806248240      0.083406972142292     -0.047525960913978     -0.027439126819491      0.004984172821679
     0.600000008940697      0.958555629515389     -0.016209084676302     -0.009358319569037      0.082009407887840     -0.049295087256323     -0.028460532407807      0.004982775257329
     0.625000009313226      0.960569659930158     -0.017484919839655     -0.010094923357257      0.080561215390324     -0.051033405773668     -0.029464151089746      0.004981327064733
     0.650000009685755      0.962546242452684     -0.018803415611141     -0.010856157259508      0.079063299722918     -0.052739830073522     -0.030449355636301      0.004979829148963
     0.675000010058284      0.964484157407415     -0.020163747973817     -0.011641545529379      0.077516597034158     -0.054413293696240     -0.031415530326698      0.004978282446168
     0.700000010430813      0.966382209284771     -0.021565066764237     -0.012450597324765      0.075922073962879     -0.056052750781530     -0.032362071333204      0.004976687922988
     0.725000010803342      0.968239227488295     -0.023006496203767     -0.013282807014628      0.074280727034099     -0.057657176722076     -0.033288387098499      0.004975046575947
     0.750000011175871      0.970054067066244     -0.024487135445928     -0.014137654495001      0.072593582036225     -0.059225568803890     -0.034193898705381      0.004973359430834
     0.775000011548400      0.971825609427141     -0.026006059139386     -0.015014605514032      0.070861693379964     -0.060756946832969     -0.035078040238570      0.004971627542060
     0.800000011920929      0.973552763038861     -0.027562318006273     -0.015913112005881      0.069086143439354     -0.062250353747893     -0.035940259138386      0.004969851991998
     0.825000012293458      0.975234464110803     -0.029154939435454     -0.016832612433235      0.067268041875314     -0.063704856217949     -0.036780016546082      0.004968033890309
     0.850000012665987      0.976869677258724     -0.030782928090374     -0.017772532138256      0.065408524942143     -0.065119545226437     -0.037596787640612      0.004966174373249
     0.875000013038516      0.978457396151817     -0.032445266531114     -0.018732283701723      0.063508754777398     -0.066493536638774     -0.038390061966626      0.004964274602955
     0.900000013411045      0.979996644141644     -0.034140915850257     -0.019711267310148      0.061569918675596     -0.067825971755050     -0.039159343753493      0.004962335766720
     0.925000013783574      0.981486474872499     -0.035868816322172     -0.020708871130642      0.059593228346190     -0.069116017846687     -0.039904152225135      0.004960359076256
     0.950000014156103      0.982925972872856     -0.037627888065306     -0.021724471693288      0.057579919156298     -0.070362868676870     -0.040624021900501      0.004958345766928
     0.975000014528632      0.984314254127509     -0.039417031717077     -0.022757434280792      0.055531249358629     -0.071565745004413     -0.041318502884474      0.004956297096991
     1.000000014901161      0.985650466630048     -0.041235129120938     -0.023807113325160      0.053448499305125     -0.072723895070765     -0.041987161149046      0.004954214346795
     1.025000015273690      0.986933790915341     -0.043081044025190     -0.024872852811155      0.051332970646776     -0.073836595069833     -0.042629578804565      0.004952098817992
     1.050000015646219      0.988163440571667     -0.044953622793102     -0.025953986686288      0.049185985520133     -0.074903149600333     -0.043245354360907      0.004949951832719
     1.075000016018748      0.989338662732205     -0.046851695123895     -0.027049839277077      0.047008885721018     -0.075922892100402     -0.043834102978393      0.004947774732771
     1.100000016391277      0.990458738545544     -0.048774074784145     -0.028159725711323      0.044803031865941     -0.076895185264168     -0.044395456708300      0.004945568878765
     1.125000016763806      0.991522983624947     -0.050719560349136     -0.029282952346131      0.042569802541762     -0.077819421440052     -0.044929064722818      0.004943335649288
     1.150000017136335      0.992530748476066     -0.052686935953716     -0.030418817201414      0.040310593444118     -0.078695023010527     -0.045434593534308      0.004941076440036
     1.175000017508864      0.993481418902861     -0.054674972052168     -0.031566610398611      0.038026816505158     -0.079521442753113     -0.045911727203718      0.004938792662941
     1.200000017881393      0.994374416391446     -0.056682426186640     -0.032725614604332      0.035719899011133     -0.080298164182369     -0.046360167538033      0.004936485745289
     1.225000018253922      0.995209198471645     -0.058708043763641     -0.033895105478675      0.033391282710388     -0.081024701872685     -0.046779634276642      0.004934157128830
     1.250000018626451      0.995985259056017     -0.060750558838119     -0.035074352127909      0.031042422912316     -0.081700601761653     -0.047169865266487      0.004931808268871
     1.275000018998981      0.996702128756146     -0.062808694904633     -0.036262617561263      0.028674787577835     -0.082325441433843     -0.047530616625901      0.004929440633375
     1.300000019371510      0.997359375175988     -0.064881165695135     -0.037459159151519      0.026289856401963     -0.082898830384796     -0.047861662897026      0.004927055702036
     1.325000019744039      0.997956603182114     -0.066966675982839     -0.038663229099129      0.023889119889059     -0.083420410265084     -0.048162797186719      0.004924654965359
     1.350000020116568      0.998493455150646     -0.069063922391697     -0.039874074899568      0.021474078421298     -0.083889855104257     -0.048433831295850      0.004922239923726
     1.375000020489097      0.998969611190766     -0.071171594210968     -0.041090939813624      0.019046241320989     -0.084306871514572     -0.048674595836923      0.004919812086460
     1.400000020861626      0.999384789344635     -0.073288374214369     -0.042313063340333      0.016607125907296     -0.084671198874346     -0.048884940339937      0.004917372970880
     1.425000021234155      0.999738745763609     -0.075412939483298     -0.043539681692272      0.014158256547959     -0.084982609490838     -0.049064733346423      0.004914924101353
     1.450000021606684      1.000031274860633     -0.077543962233617     -0.044770028272896      0.011701163706619     -0.085240908742548     -0.049213862491606      0.004912467008344
     1.475000021979213      1.000262209438732     -0.079680110645469     -0.046003334155639      0.009237382986323     -0.085445935200852     -0.049332234574624      0.004910003227455
     1.500000022351742      1.000431420795499     -0.081820049695629     -0.047238828564469      0.006768454169827     -0.085597560730887     -0.049419775616777      0.004907534298470
     1.525000022724271      1.000538818803532     -0.083962441991844     -0.048475739355594      0.004295920257278     -0.085695690571632     -0.049476430907763      0.004905061764388
     1.550000023096800      1.000584351966758     -0.086105948608663     -0.049713293500032      0.001821326501892     -0.085740263395131     -0.049502165039871      0.004902587170464
     1.575000023469329      1.000568007452620     -0.088249229924221     -0.050950717566723     -0.000653780555780     -0.085731251344819     -0.049496961930104      0.004900112063237
     1.600000023841858      1.000489811100094     -0.090390946457458     -0.052187238205905     -0.003127854054393     -0.085668660052936     -0.049460824830238      0.004897637989569
     1.625000024214387      1.000349827403545     -0.092529759705254     -0.053422082632425     -0.005599347778539     -0.085552528637000     -0.049393776324783      0.004895166495676
     1.650000024586916      1.000148159472413     -0.094664332978946     -0.054654479108711     -0.008066717125087     -0.085382929675368     -0.049295858316872      0.004892699126161
     1.675000024959445      0.999884948966778     -0.096793332239717     -0.055883657427079     -0.010528420068507     -0.085159969161869     -0.049167132002075      0.004890237423049
     1.700000025331974      0.999560376008827     -0.098915426932328     -0.057108849391090     -0.012982918124587     -0.084883786439568     -0.049007677830146      0.004887782924826
     1.725000025704503      0.999174659070281     -0.101029290816669     -0.058329289295644     -0.015428677311935     -0.084554554113675     -0.048817595454755      0.004885337165471
     1.750000026077032      0.998728054835859     -0.103133602796618     -0.059544214405528     -0.017864169110667     -0.084172477943679     -0.048597003671197      0.004882901673506
     1.775000026449561      0.998220858042859     -0.105227047745681     -0.060752865432092     -0.020287871417684     -0.083737796714749     -0.048346040342159      0.004880477971033
     1.800000026822090      0.997653401296955     -0.107308317328907     -0.061954487007787     -0.022698269497934     -0.083250782088505     -0.048064862311551      0.004878067572788
     1.825000027194619      0.997026054864330     -0.109376110820550     -0.063148328158239     -0.025093856931074     -0.082711738433235     -0.047753645306490      0.004875671985192
     1.850000027567148      0.996339226440272     -0.111429135916985     -0.064333642771588     -0.027473136552934     -0.082121002633679     -0.047412583827475      0.004873292705407
     1.875000027939677      0.995593360894378     -0.113466109544350     -0.065509690064783     -0.029834621391195     -0.081478943880484     -0.047041891026829      0.004870931220408
     1.900000028312206      0.994788939992524     -0.115485758660432     -0.066675735046546     -0.032176835594699     -0.080785963439470     -0.046641798575485      0.004868589006044
     1.925000028684735      0.993926482095777     -0.117486821050272     -0.067831048976717     -0.034498315355807     -0.080042494400859     -0.046212556518205      0.004866267526124
     1.950000029057264      0.993006541836438     -0.119468046115009     -0.068974909821694     -0.036797609825230     -0.079249001408598     -0.045754433117300      0.004863968231498
     1.975000029429793      0.992029709771413     -0.121428195653467     -0.070106602705682     -0.039073282018767     -0.078405980369981     -0.045267714684986      0.004861692559149
     2.000000029802322      0.990996612013134     -0.123366044635986     -0.071225420357465     -0.041323909715370     -0.077513958145716     -0.044752705404441      0.004859441931298
     2.025000030174851      0.989907909838262     -0.125280381970029     -0.072330663552427     -0.043548086345984     -0.076573492220659     -0.044209727139700      0.004857217754516
     2.050000030547380      0.988764299274405     -0.127170011257071     -0.073421641549546     -0.045744421872611     -0.075585170355401     -0.043639119234506      0.004855021418839
     2.075000030919909      0.987566510665131     -0.129033751540317     -0.074497672523086     -0.047911543657039     -0.074549610218939     -0.043041238300226      0.004852854296906
     2.100000031292439      0.986315308213519     -0.130870438042752     -0.075558083988712     -0.050048097318689     -0.073467459002650     -0.042416457992984      0.004850717743099
     2.125000031664968      0.985011489504564     -0.132678922895096     -0.076602213223774     -0.052152747581068     -0.072339393015821     -0.041765168780135      0.004848613092693
     2.150000032037497      0.983655885006707     -0.134458075853182     -0.077629407681486     -0.054224179106266     -0.071166117262976     -0.041087777696239      0.004846541661026
     2.175000032410026      0.982249357552823     -0.136206785004321     -0.078639025398748     -0.056261097317006     -0.069948365003271     -0.040384708088673      0.004844504742676
     2.200000032782555      0.980792801800976     -0.137923957462215     -0.079630435397347     -0.058262229205707     -0.068686897292231     -0.039656399353058      0.004842503610650
     2.225000033155084      0.979287143675288     -0.139608520049970     -0.080603018078306     -0.060226324130073     -0.067382502506114     -0.038903306658647      0.004840539515592
     2.250000033527613      0.977733339787267     -0.141259419970800     -0.081556165609106     -0.062152154594708     -0.066035995849205     -0.038125900663862      0.004838613684996
     2.275000033900142      0.976132376837955     -0.142875625465992     -0.082489282303564     -0.064038517018256     -0.064648218844336     -0.037324667222145      0.004836727322443
     2.300000034272671      0.974485271001271     -0.144456126459717     -0.083401784994119     -0.065884232485603     -0.063220038806963     -0.036500107078317      0.004834881606850
     2.325000034645200      0.972793067288939     -0.145999935190300     -0.084293103396291     -0.067688147484659     -0.061752348303123     -0.035652735555629      0.004833077691727
     2.350000035017729      0.971056838897385     -0.147506086827533     -0.085162680465092     -0.069449134627267     -0.060246064591608     -0.034783082233702      0.004831316704464
     2.375000035390258      0.969277686537029     -0.148973640075669     -0.086009972743156     -0.071166093353782     -0.058702129050710     -0.033891690617553      0.004829599745621
     2.400000035762787      0.967456737744373     -0.150401677761696     -0.086834450700390     -0.072837950620885     -0.057121506589885     -0.032979117797930      0.004827927888239
     2.425000036135316      0.965595146177328     -0.151789307408541     -0.087635599064907     -0.074463661572204     -0.055505185046725     -0.032045934103141      0.004826302177177
     2.450000036507845      0.963694090894217     -0.153135661792843     -0.088412917145055     -0.076042210191310     -0.053854174569582     -0.031092722742619      0.004824723628450
     2.475000036880374      0.961754775616901     -0.154439899486935     -0.089165919142337     -0.077572609936697     -0.052169506986266     -0.030120079442439      0.004823193228600
