     0.000000000000000      0.899999976158142      0.000000000000000      0.000000000000000      0.100000001490116     -0.010825317514320     -0.006250000093132      0.005078125149237
     0.025000000372529      0.902499976232648      0.000270632940846      0.000156250006466      0.100000001490116      0.010825317472527      0.006250000165520      0.005078125149237
     0.025000000372529      0.904999976307154      0.001082531764429      0.000625000024056      0.100000001490116      0.032475952459374      0.018750000424172      0.005703125151037
     0.050000000745058      0.907499976381659      0.002435696470748      0.001406250052768      0.100000001490116      0.054126587446221      0.031250000682824      0.006953125154637
     0.075000001117587      0.909999976456165      0.004330127059804      0.002500000092603      0.100000001490116      0.075777222433068      0.043750000941476      0.008828125160037
     0.100000001490116      0.912499976530671      0.006765823531596      0.003906250143561      0.100000001490116      0.097427857419915      0.056250001200129      0.011328125167236
     0.125000001862645      0.914999976605177      0.009742785886125      0.005625000205642      0.100000001490116      0.119078492406762      0.068750001458781      0.014453125176236
     0.150000002235174      0.917499976679683      0.013261014123391      0.007656250278845      0.100000001490116      0.140729127393609      0.081250001717433      0.018203125187036
     0.175000002607703      0.919999976754188      0.017320508243394      0.010000000363172      0.100000001490116      0.162379762380455      0.093750001976085      0.022578125199636
     0.200000002980232      0.922499976828694      0.021921268246133      0.012656250458622      0.100000001490116      0.184030397367302      0.106250002234737      0.027578125214036
     0.225000003352761      0.924999976903200      0.027063294131609      0.015625000565194      0.100000001490116      0.205681032354149      0.118750002493389      0.033203125230236
     0.250000003725290      0.927499976977706      0.032746585899822      0.018906250682890      0.100000001490116      0.227331667340996      0.131250002752041      0.039453125248236
     0.275000004097819      0.929999977052212      0.038971143550771      0.022500000811708      0.100000001490116      0.248982302327843      0.143750003010694      0.046328125268036
     0.300000004470348      0.932499977126717      0.045736967084457      0.026406250951649      0.100000001490116      0.270632937314690      0.156250003269346      0.053828125289635
     0.325000004842877      0.934999977201223      0.053044056500879      0.030625001102714      0.100000001490116      0.292283572301537      0.168750003527998      0.061953125313035
     0.350000005215406      0.937499977275729      0.060892411800038      0.035156251264901      0.100000001490116      0.313934207288384      0.181250003786650      0.070703125338235
     0.375000005587935      0.939999977350235      0.069282032981934      0.040000001438211      0.100000001490116      0.335584842275231      0.193750004045302      0.080078125365235
     0.400000005960464      0.942499977424741      0.078212920046567      0.045156251622644      0.100000001490116      0.357235477262078      0.206250004303954      0.090078125394035
     0.425000006332994      0.944999977499246      0.087685072993936      0.050625001818200      0.100000001490116      0.378886112248925      0.218750004562607      0.100703125424634
     0.450000006705523      0.947499977573752      0.097698491824042      0.056406252024879      0.100000001490116      0.400536747235772      0.231250004821259      0.111953125457034
     0.475000007078052      0.949999977648258      0.108253176536884      0.062500002242680      0.100000001490116      0.422187382222619      0.243750005079911      0.123828125491234
     0.500000007450581      0.952499977722764      0.119349127132464      0.068906252471605      0.100000001490116      0.443838017209466      0.256250005338563      0.136328125527233
     0.525000007823110      0.954999977797270      0.130986343610779      0.075625002711652      0.100000001490116      0.465488652196313      0.268750005597215      0.149453125565033
     0.550000008195639      0.957499977871775      0.143164825971832      0.082656252962823      0.100000001490116      0.487139287183160      0.281250005855867      0.163203125604633
     0.575000008568168      0.959999977946281      0.155884574215621      0.090000003225116      0.100000001490116      0.508789922170007      0.293750006114520      0.177578125646032
     0.600000008940697      0.962499978020787      0.169145588342147      0.097656253498533      0.100000001490116      0.530440557156853      0.306250006373172      0.192578125689232
     0.625000009313226      0.964999978095293      0.182947868351409      0.105625003783072      0.100000001490116      0.552091192143700      0.318750006631824      0.208203125734232
     0.650000009685755      0.967499978169798      0.197291414243409      0.113906254078734      0.100000001490116      0.573741827130547      0.331250006890476      0.224453125781031
     0.675000010058284      0.969999978244304      0.212176226018145      0.122500004385519      0.100000001490116      0.595392462117394      0.343750007149128      0.241328125829631
     0.700000010430813      0.972499978318810      0.227602303675617      0.131406254703427      0.100000001490116      0.617043097104241      0.356250007407780      0.258828125880030
     0.725000010803342      0.974999978393316      0.243569647215826      0.140625005032458      0.100000001490116      0.638693732091088      0.368750007666433      0.276953125932230
     0.750000011175871      0.977499978467822      0.260078256638772      0.150156255372612      0.100000001490116      0.660344367077935      0.381250007925085      0.295703125986230
     0.775000011548400      0.979999978542327      0.277128131944454      0.160000005723889      0.100000001490116      0.681995002064782      0.393750008183737      0.315078126042029
     0.800000011920929      0.982499978616833      0.294719273132874      0.170156256086288      0.100000001490116      0.703645637051629      0.406250008442389      0.335078126099629
     0.825000012293458      0.984999978691339      0.312851680204029      0.180625006459811      0.100000001490116      0.725296272038476      0.418750008701041      0.355703126159028
     0.850000012665987      0.987499978765845      0.331525353157922      0.191406256844456      0.100000001490116      0.746946907025323      0.431250008959693      0.376953126220228
     0.875000013038516      0.989999978840351      0.350740291994551      0.202500007240225      0.100000001490116      0.768597542012170      0.443750009218346      0.398828126283227
     0.900000013411045      0.992499978914856      0.370496496713917      0.213906257647116      0.100000001490117      0.790248176999017      0.456250009476998      0.421328126348027
     0.925000013783574      0.994999978989362      0.390793967316019      0.225625008065130      0.100000001490117      0.811898811985864      0.468750009735650      0.444453126414626
     0.950000014156103      0.997499979063868      0.411632703800858      0.237656258494267      0.100000001490117      0.833549446972711      0.481250009994302      0.468203126483025
     0.975000014528632      0.999999979138374      0.433012706168434      0.250000008934527      0.100000001490117      0.855200081959558      0.493750010252954      0.492578126553225
     1.000000014901161      1.002499979212880      0.454933974418747      0.262656259385910      0.100000001490117      0.876850716946404      0.506250010511606      0.517578126625224
     1.025000015273690      1.004999979287386      0.477396508551796      0.275625009848416      0.100000001490117      0.898501351933251      0.518750010770259      0.543203126699024
     1.050000015646219      1.007499979361892      0.500400308567582      0.288906260322045      0.100000001490117      0.920151986920098      0.531250011028911      0.569453126774623
     1.075000016018748      1.009999979436397      0.523945374466104      0.302500010806797      0.100000001490117      0.941802621906945      0.543750011287563      0.596328126852022
     1.100000016391277      1.012499979510903      0.548031706247363      0.316406261302671      0.100000001490117      0.963453256893792      0.556250011546215      0.623828126931222
     1.125000016763806      1.014999979585409      0.572659303911359      0.330625011809669      0.100000001490117      0.985103891880639      0.568750011804867      0.651953127012221
     1.150000017136335      1.017499979659915      0.597828167458091      0.345156262327790      0.100000001490117      1.006754526867486      0.581250012063519      0.680703127095020
     1.175000017508864      1.019999979734421      0.623538296887560      0.360000012857033      0.100000001490117      1.028405161854333      0.593750012322172      0.710078127179619
     1.200000017881393      1.022499979808927      0.649789692199766      0.375156263397399      0.100000001490117      1.050055796841180      0.606250012580824      0.740078127266019
     1.225000018253922      1.024999979883433      0.676582353394709      0.390625013948888      0.100000001490117      1.071706431828026      0.618750012839476      0.770703127354218
     1.250000018626451      1.027499979957939      0.703916280472388      0.406406264511501      0.100000001490117      1.093357066814873      0.631250013098128      0.801953127444217
     1.275000018998981      1.029999980032445      0.731791473432803      0.422500015085236      0.100000001490117      1.115007701801720      0.643750013356780      0.833828127536016
     1.300000019371510      1.032499980106951      0.760207932275956      0.438906265670094      0.100000001490117      1.136658336788567      0.656250013615432      0.866328127629615
     1.325000019744039      1.034999980181456      0.789165657001845      0.455625016266075      0.100000001490117      1.158308971775414      0.668750013874085      0.899453127725014
     1.350000020116568      1.037499980255962      0.818664647610471      0.472656266873178      0.100000001490117      1.179959606762261      0.681250014132737      0.933203127822213
     1.375000020489097      1.039999980330468      0.848704904101833      0.490000017491405      0.100000001490117      1.201610241749107      0.693750014391389      0.967578127921212
     1.400000020861626      1.042499980404974      0.879286426475932      0.507656268120755      0.100000001490117      1.223260876735954      0.706250014650041      1.002578128022011
     1.425000021234155      1.044999980479480      0.910409214732768      0.525625018761227      0.100000001490117      1.244911511722801      0.718750014908693      1.038203128124610
     1.450000021606684      1.047499980553986      0.942073268872340      0.543906269412823      0.100000001490117      1.266562146709648      0.731250015167345      1.074453128229009
     1.475000021979213      1.049999980628492      0.974278588894649      0.562500020075541      0.100000001490117      1.288212781696495      0.743750015425998      1.111328128335208
     1.500000022351742      1.052499980702998      1.007025174799695      0.581406270749383      0.100000001490117      1.309863416683342      0.756250015684650      1.148828128443207
     1.525000022724271      1.054999980777504      1.040313026587477      0.600625021434347      0.100000001490117      1.331514051670188      0.768750015943302      1.186953128553006
     1.550000023096800      1.057499980852010      1.074142144257996      0.620156272130434      0.100000001490117      1.353164686657035      0.781250016201954      1.225703128664605
     1.575000023469329      1.059999980926515      1.108512527811252      0.640000022837644      0.100000001490117      1.374815321643882      0.793750016460606      1.265078128778004
     1.600000023841858      1.062499981001021      1.143424177247244      0.660156273555977      0.100000001490117      1.396465956630729      0.806250016719258      1.305078128893202
     1.625000024214387      1.064999981075527      1.178877092565973      0.680625024285433      0.100000001490117      1.418116591617576      0.818750016977911      1.345703129010201
     1.650000024586916      1.067499981150033      1.214871273767439      0.701406275026012      0.100000001490117      1.439767226604423      0.831250017236563      1.386953129129000
     1.675000024959445      1.069999981224539      1.251406720851641      0.722500025777714      0.100000001490118      1.461417861591269      0.843750017495215      1.428828129249599
     1.700000025331974      1.072499981299045      1.288483433818580      0.743906276540538      0.100000001490118      1.483068496578116      0.856250017753867      1.471328129371998
     1.725000025704503      1.074999981373551      1.326101412668256      0.765625027314486      0.100000001490118      1.504719131564963      0.868750018012519      1.514453129496196
     1.750000026077032      1.077499981448057      1.364260657400668      0.787656278099556      0.100000001490118      1.526369766551810      0.881250018271171      1.558203129622195
     1.775000026449561      1.079999981522563      1.402961168015817      0.810000028895750      0.100000001490118      1.548020401538657      0.893750018529824      1.602578129749994
     1.800000026822090      1.082499981597069      1.442202944513703      0.832656279703066      0.100000001490118      1.569671036525504      0.906250018788476      1.647578129879593
     1.825000027194619      1.084999981671575      1.481985986894325      0.855625030521505      0.100000001490118      1.591321671512350      0.918750019047128      1.693203130010991
     1.850000027567148      1.087499981746080      1.522310295157684      0.878906281351068      0.100000001490118      1.612972306499197      0.931250019305780      1.739453130144190
     1.875000027939677      1.089999981820586      1.563175869303780      0.902500032191753      0.100000001490118      1.634622941486044      0.943750019564432      1.786328130279188
     1.900000028312206      1.092499981895092      1.604582709332612      0.926406283043561      0.100000001490118      1.656273576472891      0.956250019823084      1.833828130415987
     1.925000028684735      1.094999981969598      1.646530815244181      0.950625033906491      0.100000001490118      1.677924211459738      0.968750020081737      1.881953130554586
     1.950000029057264      1.097499982044104      1.689020187038486      0.975156284780545      0.100000001490118      1.699574846446585      0.981250020340389      1.930703130694984
     1.975000029429793      1.099999982118610      1.732050824715529      1.000000035665722      0.100000001490118      1.721225481433431      0.993750020599041      1.980078130837183
     2.000000029802322      1.102499982193116      1.775622728275307      1.025156286562022      0.100000001490118      1.742876116420278      1.006250020857693      2.030078130981181
     2.025000030174851      1.104999982267622      1.819735897717823      1.050625037469444      0.100000001490118      1.764526751407125      1.018750021116345      2.080703131126980
     2.050000030547380      1.107499982342128      1.864390333043075      1.076406288387990      0.100000001490118      1.786177386393972      1.031250021374997      2.131953131274578
     2.075000030919909      1.109999982416634      1.909586034251064      1.102500039317658      0.100000001490118      1.807828021380819      1.043750021633649      2.183828131423977
     2.100000031292439      1.112499982491139      1.955323001341790      1.128906290258449      0.100000001490118      1.829478656367665      1.056250021892302      2.236328131575175
     2.125000031664968      1.114999982565645      2.001601234315252      1.155625041210364      0.100000001490118      1.851129291354512      1.068750022150954      2.289453131728173
     2.150000032037497      1.117499982640151      2.048420733171451      1.182656292173401      0.100000001490118      1.872779926341359      1.081250022409606      2.343203131882972
     2.175000032410026      1.119999982714657      2.095781497910386      1.210000043147561      0.100000001490118      1.894430561328206      1.093750022668258      2.397578132039570
     2.200000032782555      1.122499982789163      2.143683528532058      1.237656294132844      0.100000001490119      1.916081196315053      1.106250022926910      2.452578132197968
     2.225000033155084      1.124999982863669      2.192126825036467      1.265625045129250      0.100000001490119      1.937731831301900      1.118750023185562      2.508203132358167
     2.250000033527613      1.127499982938175      2.241111387423613      1.293906296136779      0.100000001490119      1.959382466288746      1.131250023444215      2.564453132520165
     2.275000033900142      1.129999983012681      2.290637215693495      1.322500047155430      0.100000001490119      1.981033101275593      1.143750023702867      2.621328132683963
     2.300000034272671      1.132499983087187      2.340704309846114      1.351406298185205      0.100000001490119      2.002683736262440      1.156250023961519      2.678828132849562
     2.325000034645200      1.134999983161693      2.391312669881469      1.380625049226103      0.100000001490119      2.024334371249287      1.168750024220171      2.736953133016960
     2.350000035017729      1.137499983236198      2.442462295799561      1.410156300278123      0.100000001490119      2.045985006236134      1.181250024478823      2.795703133186159
     2.375000035390258      1.139999983310704      2.494153187600390      1.440000051341267      0.100000001490119      2.067635641222981      1.193750024737475      2.855078133357157
     2.400000035762787      1.142499983385210      2.546385345283956      1.470156302415533      0.100000001490119      2.089286276209827      1.206250024996128      2.915078133529954
     2.425000036135316      1.144999983459716      2.599158768850258      1.500625053500922      0.100000001490119      2.110936911196674      1.218750025254780      2.975703133704553
     2.450000036507845      1.147499983534222      2.652473458299296      1.531406304597434      0.100000001490119      2.132587546183521      1.231250025513432      3.036953133880951
     2.475000036880374      1.149999983608728      2.706329413631072      1.562500055705069      0.100000001490119      2.154238181170368      1.243750025772084      3.098828134059149
