     0.000000000000000      0.899999976158142      0.000000000000000      0.000000000000000      0.100000001490116     -0.009742785746757     -0.005625000074506      0.005063281398984
     0.025000000372529      0.902499976598844      0.000243595016758      0.000140639651023      0.100000016137943      0.009743800525133      0.005625585957085      0.005063296046812
     0.025000000372529      0.905014039173332      0.000974202458616      0.000562456061822      0.100562501481040      0.029224297238852      0.016872656180563      0.005625781389908
     0.050000000745058      0.907556216860823      0.002191365719704      0.001265185610872      0.101687105984375      0.048686529718036      0.028109181543127      0.006750385893244
     0.075000001117587      0.910140545069501      0.003894324112602      0.002248389115077      0.103373126806740      0.068118334700873      0.039328139582169      0.008436406715609
     0.100000001490116      0.912781032864847      0.006082013343745      0.003511452104250      0.105619510240000      0.087507567941748      0.050522518814087      0.010682790148868
     0.125000001862645      0.915491654214429      0.008753066178572      0.005053585205136      0.108424852367628      0.106842111800995      0.061685323116235      0.013488132276496
     0.150000002235174      0.918286339254626      0.011905813296002      0.006873824634741      0.111787399942107      0.126109882818036      0.072809576099268      0.016850679850975
     0.175000002607703      0.921178965584746      0.015538284331709      0.008971032802671      0.115705051480653      0.145298839263142      0.083888325467162      0.020768331389521
     0.200000002980232      0.924183349593979      0.019648209109530      0.011343899022084      0.120175358578571      0.164396988663128      0.094914647362171      0.025238638487439
     0.225000003352761      0.927313237826604      0.024233019060255      0.013990940328828      0.125195527439433      0.183392395296258      0.105881650692013      0.030258807348301
     0.250000003725290      0.930582298390844      0.029289848826900      0.016910502408248      0.130762420621105      0.202273187651677      0.116782481436578      0.035825700529973
     0.275000004097819      0.934004112416747      0.034815538055457      0.020100760629073      0.136872558996548      0.221027565848726      0.127610326931469      0.041935838905416
     0.300000004470348      0.937592165568417      0.040806633370018      0.023559721183758      0.143522123928161      0.239643809011480      0.138358420125694      0.048585403837030
     0.325000004842877      0.941359839615917      0.047259390531020      0.027285222334543      0.150706959654303      0.258110282593913      0.149020043810852      0.055770239563171
     0.350000005215406      0.945320404072097      0.054169776775270      0.031274935764474      0.158422575886507      0.276415445651113      0.159588534819172      0.063485855795375
     0.375000005587935      0.949487007899579      0.061533473336298      0.035526368032520      0.166664150615768      0.294547858051994      0.170057288187774      0.071727430524636
     0.400000005960464      0.953872671293084      0.069345878143437      0.040036862131895      0.175426533126142      0.312496187629010      0.180419761286556      0.080489813035010
     0.425000006332994      0.958490277542235      0.077602108697974      0.044803599150603      0.184704247213771      0.330249217260385      0.190669477907126      0.089767527122639
     0.450000006705523      0.963352564979923      0.086297005124549      0.049823600033163      0.194491494609337      0.347795851880453      0.200800032310220      0.099554774518205
     0.475000007078052      0.968472119021255      0.095425133395912      0.055093727442421      0.204782158601787      0.365125125413715      0.210805093229083      0.109845438510655
     0.500000007450581      0.973861364298088      0.104980788729009      0.060610687720287      0.215569807861085      0.382226207628271      0.220678407826299      0.120633087769953
     0.525000007823110      0.979532556894035      0.114957999150290      0.066371032946164      0.226847700457576      0.399088410904372      0.230413805601620      0.131910980366444
     0.550000008195639      0.985497776684810      0.125350529227997      0.072371163091780      0.238608788075479      0.415701196913829      0.240005202248318      0.143672067984347
     0.575000008568168      0.991768919788704      0.136151883969103      0.078607328271099      0.250845720417852      0.432054183206124      0.249446603455685      0.155909000326720
     0.600000008940697      0.998357691131891      0.147355312878474      0.085075631083866      0.263550849800287      0.448137149697108      0.258732108655281      0.168614129709155
     0.625000009313226      1.005275597133238      0.158953814177711      0.091772029051365      0.276716235930467      0.463940045056219      0.267855914708595      0.181779515839335
     0.650000009685755      1.012533938513160      0.170940139181027      0.098692337142831      0.290333650870590      0.479452992988235      0.276812319533821      0.195396930779458
     0.675000010058284      1.020143803231045      0.183306796825446      0.105832230390960      0.304394584179560      0.494666298405639      0.285595725669470      0.209457864088427
     0.700000010430813      1.028116059555634      0.196046058352469      0.113187246594874      0.318890248231735      0.509570453487733      0.294200643772604      0.223953528140603
     0.725000010803342      1.036461349272712      0.209149962138300      0.120752789108847      0.333811583708912      0.524156143622714      0.302621696049494      0.238874863617779
     0.750000011175871      1.045190081034332      0.222610318669600      0.128524129715063      0.349149265262100      0.538414253229006      0.310853619616571      0.254212545170968
     0.775000011548400      1.054312423853755      0.236418715661666      0.136496411578598      0.364893707339565      0.552335871452202      0.318891269789550      0.269956987248433
     0.800000011920929      1.063838300750139      0.250566523315836      0.144664652282781      0.381035070177484      0.565912297734054      0.326729623298695      0.286098350086352
     0.825000012293458      1.073777382546980      0.265044899712832      0.153023746943047      0.397563265949478      0.579135047250045      0.334363781428199      0.302626545858346
     0.850000012665987      1.084139081828160      0.279844796338671      0.161568471397316      0.414467965071175      0.591995856212122      0.341788973077720      0.319531244980043
     0.875000013038516      1.094932547055392      0.294956963739692      0.170293485470933      0.431738602655866      0.604486687033298      0.349000557744163      0.336801882564735
     0.900000013411045      1.106166656850724      0.310371957303165      0.179193336314097      0.449364385117213      0.616599733350881      0.355994028421846      0.354427665026082
     0.925000013783574      1.117850014447692      0.326080143159865      0.188262461809718      0.467334296914890      0.628327424905198      0.362765014419231      0.372397576823758
     0.950000014156103      1.129990942314579      0.342071704204927      0.197495194049558      0.485637107438937      0.639662432270759      0.369309284090462      0.390700387347805
     0.975000014528632      1.142597476953144      0.358336646233217      0.206885762876489      0.504261378028525      0.650597671436910      0.375622747480008      0.409324657937393
     1.000000014901161      1.155677363876069      0.374864804185383      0.216428299490653      0.523195469120749      0.661126308235111      0.381701458878751      0.428258749029617
     1.025000015273690      1.169238052766263      0.391645848500692      0.226116840117271      0.542427547524972      0.671241762610065      0.387541619289927      0.447490827433841
     1.050000015646219      1.183286692821059      0.408669291572662      0.235945329733811      0.561945593818191      0.680937712732042      0.393139578803373      0.467008873727059
     1.075000016018748      1.197830128284192      0.425924494303480      0.245907625854176      0.581737409856774      0.690208098947816      0.398491838876605      0.486800689765643
     1.100000016391277      1.212874894168375      0.443400672753089      0.255997502367560      0.601790626399915      0.699047127567749      0.403595054521292      0.506853906308784
     1.125000016763806      1.228427212171122      0.461086904878801      0.266208653429562      0.622092710839998      0.707449274486660      0.408446036393762      0.527155990748867
     1.150000017136335      1.244492986786398      0.478972137361217      0.276534697403138      0.642630975035073      0.715409288636211      0.413041752788244      0.547694254943942
     1.175000017508864      1.261077801614494      0.497045192512193      0.286969180846913      0.663392583238530      0.722922195266655      0.417379331531579      0.568455863147399
     1.200000017881393      1.278186915872465      0.515294775260530      0.297505582548374      0.684364560121025      0.729983299055889      0.421456061778240      0.589427840029893
     1.225000018253922      1.295825261107288      0.533709480211027      0.308137317599412      0.705533798879635      0.736588187043882      0.425269395704517      0.610597078788503
     1.250000018626451      1.313997438113804      0.552277798772483      0.318857741511679      0.726887069429186      0.742732731390627      0.428816950100830      0.631950349338055
     1.275000018998981      1.332707714059375      0.570988126350186      0.329660154369177      0.748411026670626      0.748413091955910      0.432096507861153      0.653474306579495
     1.300000019371510      1.351960019817038      0.589828769598415      0.340537805015482      0.770092218831276      0.753625718699272      0.435106019368633      0.675155498740144
     1.325000019744039      1.371757947508844      0.608787953728396      0.351483895273005      0.791917095871748      0.758367353898666      0.437843603776537      0.696980375780617
     1.350000020116568      1.392104748260892      0.627853829867160      0.362491584191625      0.813872017954284      0.762635034186432      0.440307550183718      0.718935297863152
     1.375000020489097      1.413003330171485      0.647014482462709      0.373553992324065      0.835943263967206      0.766426092401300      0.442496318703870      0.741006543876074
     1.400000020861626      1.434456256493663      0.666257936730840      0.384664206025318      0.858117040100166      0.769738159255285      0.444408541427913      0.763180320009035
     1.425000021234155      1.456465744033251      0.685572166139005      0.395815281773454      0.880379488464830      0.772569164814409      0.446043023278887      0.785442768373699
     1.450000021606684      1.479033661763429      0.704945099922493      0.407000250509094      0.902716695755602      0.774917339792344      0.447398742758835      0.807779975664472
     1.475000021979213      1.502161529656686      0.724364630628271      0.418212121990844      0.925114701944995      0.776781216656164      0.448474852587212      0.830177981853864
     1.500000022351742      1.525850517734884      0.743818621681745      0.429443889163970      0.947559509008184      0.778159630543495      0.449270680230401      0.852622788917053
     1.525000022724271      1.550101445338034      0.763294914971727      0.440688532539579      0.970037089671327      0.779051719990525      0.449785728322029      0.875100369580196
     1.550000023096800      1.574914780612235      0.782781338448857      0.451939024581570      0.992533396178143      0.779456927470388      0.450019674973804      0.897596676087013
     1.575000023469329      1.600290640217098      0.802265713732737      0.463188334098615      1.015034369069314      0.779374999741597      0.449972373976684      0.920097648978183
     1.600000023841858      1.626228789252836      0.821735863723023      0.474429430638426      1.037525945969179      0.778805988006316      0.449643854892251      0.942589225878048
     1.625000024214387      1.652728641407071      0.841179620209716      0.485655288881561      1.059994070374268      0.777750247878358      0.449034323034240      0.965057350283137
     1.650000024586916      1.679789259321260      0.860584831477900      0.496858893032013      1.082424700438156      0.776208439160941      0.448144159340224      0.987487980347025
     1.675000024959445      1.707409355176510      0.879939369902163      0.508033241201862      1.104803817747162      0.774181525434326      0.446973920133535      1.009867097656031
     1.700000025331974      1.735587291498429      0.899231139525974      0.519171349787223      1.127117436081398      0.771670773453618      0.445524336775587      1.032180715990268
     1.725000025704503      1.764321082180489      0.918448083621255      0.530266257832770      1.149351610155707      0.768677752357080      0.443796315208796      1.054414890064576
     1.750000026077032      1.793608393725279      0.937578192223453      0.541311031382109      1.171492444335004      0.765204332685477      0.441790935390394      1.076555724243874
     1.775000026449561      1.823446546702867      0.956609509637368      0.552298767811277      1.193526101318603      0.761252685213044      0.439509450617494      1.098589381227473
     1.800000026822090      1.853832517425355      0.975530141909078      0.563222600142650      1.215438810788076      0.756825279590828      0.436953286743817      1.120502090696946
     1.825000027194619      1.884762939836586      0.994328264259273      0.574075701336588      1.237216878013255      0.751924882803232      0.434124041288582      1.142280157922125
     1.850000027567148      1.916234107615817      1.012992128473354      0.584851288558110      1.258846692410992      0.746554557438741      0.431023482438109      1.163909972319862
     1.875000027939677      1.948241976494055      1.031510070243691      0.595542627415942      1.280314736051329      0.740717659775908      0.427653547940755      1.185378015960199
     1.900000028312206      1.980782166781586      1.049870516459427      0.606143036171298      1.301607592105768      0.734417837685783      0.424016343895893      1.206670872014638
     1.925000028684735      2.013849966105143      1.068061992439304      0.616645889913744      1.322711953232349      0.727659028352114      0.420114143437661      1.227775233141219
     1.950000029057264      2.047440332352986      1.086073129102960      0.627044624701555      1.343614629892307      0.720445455810740      0.415949385314329      1.248677909801177
     1.975000029429793      2.081547896826056      1.103892670076234      0.637332741663964      1.364302558593102      0.712781628309699      0.411524672364165      1.269365838501973
     2.000000029802322      2.116166967593237      1.121509478726038      0.647503811062744      1.384762810052682      0.704672335491726      0.406842769888739      1.289826089961552
     2.025000030174851      2.151291533048631      1.138912545120386      0.657551476310583      1.404982597279856      0.696122645400877      0.401906603924703      1.310045877188726
     2.050000030547380      2.186915265668609      1.156090992909244      0.667469457943751      1.424949283565754      0.687137901315169      0.396719259415116      1.330012563474624
     2.075000030919909      2.223031525966317      1.173034086121896      0.677251557546551      1.444650390381355      0.677723718407207      0.391283978281451      1.349713670290225
     2.100000031292439      2.259633366641131      1.189731235876575      0.686891661625138      1.464073605176162      0.667885980234880      0.385604157397498      1.369136885085032
     2.125000031664968      2.296713536920497      1.206172006998170      0.696383745428242      1.483206789073146      0.657630835064332      0.379683346466435      1.388270068982017
     2.150000032037497      2.334264487091429      1.222346124539870      0.705721876712450      1.502037984455151      0.646964692027492      0.373525245802373      1.407101264364021
     2.175000032410026      2.372278373218830      1.238243480204674      0.714900219449663      1.520555422438009      0.635894217116581      0.367133704017785      1.425618702346879
     2.200000032782555      2.410747062047701      1.253854138662743      0.723913037474420      1.538747530225717      0.624426329018077      0.360512715618242      1.443810810134588
     2.225000033155084      2.449662136086157      1.269168343760661      0.732754698068821      1.556602938343053      0.612568194788768      0.353666418505985      1.461666218251924
     2.250000033527613      2.489014898866087      1.284176524618715      0.741419675482785      1.574110487741131      0.600327225376569      0.346599091393864      1.479173767650002
     2.275000033900142      2.528796380378164      1.298869301612377      0.749902554387472      1.591259236771441      0.587711070988924      0.339315151131285      1.496322516680312
     2.300000034272671      2.568997342677806      1.313237492234272      0.758198033259680      1.608038468024023      0.574727616311674      0.331819149943824      1.513101747932894
     2.325000034645200      2.609608285658593      1.327272116832939      0.766300927695128      1.624437695025503      0.561384975581386      0.324115772588230      1.529500974934374
     2.350000035017729      2.650619452989527      1.340964404224825      0.774206173648541      1.640446668792792      0.547691487514220      0.316209833424609      1.545509948701663
     2.375000035390258      2.692020838212415      1.354305797175990      0.781908830598510      1.656055384238372      0.533655710094499      0.308106273407603      1.561118664147243
     2.400000035762787      2.733802190995584      1.367287957750096      0.789404084635159      1.671254086423147      0.519286415226251      0.299810156998454      1.576317366332018
     2.425000036135316      2.775953023540005      1.379902772519348      0.796687251468684      1.686033276652963      0.504592583251055      0.291326668999884      1.591096556561834
     2.450000036507845      2.818462617133821      1.392142357635122      0.803753779356877      1.700383718414983      0.489583397335617      0.282661111315757      1.605446998323854
     2.475000036880374      2.861320028851202      1.403999063755115      0.810599251949822      1.714296443150208      0.474268237732590      0.273818899637566      1.619359723059079
