     0.000000000000000      0.899999976158142      0.000000000000000      0.000000000000000      0.099949401917281      0.000537554571624      0.000310204532262      0.004995134067696
     0.012500000186265      0.901250608743599     -0.000006713000489     -0.000003877664922      0.100050605345706     -0.000537040031131     -0.000310213189151      0.005005254137130
     0.012500000186265      0.902502302451603     -0.000026888152838     -0.000015527709759      0.100135495148160     -0.001614012163882     -0.000932003573048      0.005015295527246
     0.025000000372529      0.903754852546988     -0.000060552828284     -0.000034965937097      0.100204006137627     -0.002693173995532     -0.001555058163844      0.005025257119046
     0.037500000558794      0.905008053521207     -0.000107732035533     -0.000062206785366      0.100256076443615     -0.003774336523678     -0.002179267829074      0.005035137844166
     0.050000000745058      0.906261699119668     -0.000168448382794     -0.000097263306947      0.100291646382399     -0.004857307708530     -0.002804521684681      0.005044936557074
     0.062500000931323      0.907515582381409     -0.000242722040615     -0.000140147146712      0.100310659444520     -0.005941892537070     -0.003430707130066      0.005054652118264
     0.075000001117587      0.908769495679501     -0.000330570750463     -0.000190868546984      0.100313062352597     -0.007027896683126     -0.004057711961335      0.005064283418353
     0.087500001303852      0.910023230778353     -0.000432009828452     -0.000249436349780      0.100298806413628     -0.008115126118246     -0.004685424153835      0.005073829519707
     0.100000001490116      0.911276578856892     -0.000547052128145     -0.000315857975236      0.100267844788994     -0.009203383838231     -0.005313729957291      0.005083289349381
     0.112500001676381      0.912529330550354     -0.000675707998521     -0.000390139397346      0.100220133983564     -0.010292469476741     -0.005942513680299      0.005092661826227
     0.125000001862645      0.913781275992640     -0.000817985289048     -0.000472285146887      0.100155633890468     -0.011382183072540     -0.006571659865344      0.005101945902442
     0.137500002048910      0.915032204868974     -0.000973889353716     -0.000562298313763      0.100074308615444     -0.012472324987634     -0.007201053242796      0.005111140651631
     0.150000002235174      0.916281906454371     -0.001143423031815     -0.000660180535899      0.099976125342010     -0.013562694045776     -0.007830577654190      0.005120245127289
     0.162500002421439      0.917530169651088     -0.001326586613326     -0.000765931979251      0.099861054249334     -0.014653086302545     -0.008460115342090      0.005129258322790
     0.175000002607703      0.918776783032919     -0.001523377821386     -0.000879551327681      0.099729069060407     -0.015743296410216     -0.009089547738953      0.005138179237807
     0.187500002793968      0.920021534893146     -0.001733791822483     -0.001001035788822      0.099580147334257     -0.016833119836902     -0.009718756746406      0.005147006949626
     0.200000002980232      0.921264213297348     -0.001957821226079     -0.001130381093800      0.099414270854789     -0.017922352020639     -0.010347624244112      0.005155740639519
     0.212500003166497      0.922504606116679     -0.002195456058243     -0.001267581486756      0.099231424067836     -0.019010786289839     -0.010976031272889      0.005164379390196
     0.225000003352761      0.923742501073892     -0.002446683720908     -0.001412629697328      0.099031595101373     -0.020098212713740     -0.011603856672867      0.005172922236147
     0.237500003539026      0.924977685789778     -0.002711489012350     -0.001565516952115      0.098814775798406     -0.021184422999680     -0.012230980200724      0.005181368285295
     0.250000003725290      0.926209947840355     -0.002989854133815     -0.001726232978447      0.098580962577213     -0.022269209385306     -0.012857281914915      0.005189716783768
     0.262500003911555      0.927439074795316     -0.003281758669763     -0.001894765993007      0.098330154931590     -0.023352362527922     -0.013482640963951      0.005197966905934
     0.275000004097819      0.928664854262169     -0.003587179561909     -0.002071102685792      0.098062355887053     -0.024433671007592     -0.014106935212591      0.005206117771059
     0.287500004284084      0.929887073934373     -0.003906091104180     -0.002255228218042      0.097777572319300     -0.025512923001481     -0.014730042360454      0.005214168518338
     0.300000004470348      0.931105521643395     -0.004238464955184     -0.002447126229672      0.097475815269239     -0.026589907684108     -0.015351840701648      0.005222118382990
     0.312500004656613      0.932319985411134     -0.004584270139571     -0.002646778840101      0.097157099971367     -0.027664414338695     -0.015972208596308      0.005229966671497
     0.325000004842877      0.933530253488736     -0.004943473033002     -0.002854166637593      0.096821444765388     -0.028736231046289     -0.016591023552157      0.005237712601855
     0.337500005029142      0.934736114403203     -0.005316037341827     -0.003069268663385      0.096468871719923     -0.029805144261903     -0.017208161806914      0.005245355334080
     0.350000005215406      0.935937357009526     -0.005701924114566     -0.003292062424046      0.096099407073801     -0.030870941359064     -0.017823500587342      0.005252894116759
     0.362500005401671      0.937133770548683     -0.006101091753482     -0.003522523898074      0.095713081706325     -0.031933410637424     -0.018436917647495      0.005260328328500
     0.375000005587935      0.938325144690398     -0.006513496002810     -0.003760627529189      0.095309929917001     -0.032992339454670     -0.019048290205335      0.005267657281611
     0.387500005774200      0.939511269580493     -0.006939089930576     -0.004006346215873      0.094889989793666     -0.034047513713885     -0.019657494641794      0.005274880224366
     0.400000005960464      0.940691935891079     -0.007377823927702     -0.004259651310863      0.094453303439397     -0.035098719247080     -0.020264407297207      0.005281996413254
     0.412500006146729      0.941866934871960     -0.007829645726361     -0.004520512634491      0.093999917069720     -0.036145743354115     -0.020868905579310      0.005289005195907
     0.425000006332994      0.943036058406517     -0.008294500413484     -0.004788898486797      0.093529881370931     -0.037188374415734     -0.021470867864522      0.005295906033900
     0.437500006519258      0.944199099053974     -0.008772330418178     -0.005064775635144      0.093043250410070     -0.038226399805877     -0.022070171538868      0.005302698280372
     0.450000006705523      0.945355850100475     -0.009263075492824     -0.005348109301576      0.092540082341099     -0.039259605386628     -0.022666692976838      0.005309381212659
     0.462500006891787      0.946506105609917     -0.009766672734126     -0.005638863174967      0.092020439384183     -0.040287778703842     -0.023260309524691      0.005315954188266
     0.475000007078052      0.947649660478664     -0.010283056599783     -0.005936999420666      0.091484388136544     -0.041310708636971     -0.023850899300510      0.005322416659125
     0.487500007264316      0.948786310482067     -0.010812158928655     -0.006242478686301      0.090931998917224     -0.042328185679014     -0.024438340886642      0.005328768117625
     0.500000007450581      0.949915852320099     -0.011353908935742     -0.006555260099711      0.090363345696051     -0.043339999921174     -0.025022512699892      0.005335007990184
     0.512500007636845      0.951038083672155     -0.011908233184907     -0.006875301258051      0.089778506826705     -0.044345939272415     -0.025603292285714      0.005341135596927
     0.525000007823110      0.952152803248000     -0.012475055621935     -0.007202558246889      0.089177564738683     -0.045345794286489     -0.026180558716920      0.005347150383462
     0.537500008009374      0.953259810843232     -0.013054297591997     -0.007536985650253      0.088560606298925     -0.046339356914437     -0.026754191870427      0.005353051884958
     0.550000008195639      0.954358907384592     -0.013645877851917     -0.007878536561914      0.087927721998596     -0.047326420088437     -0.027324072525748      0.005358839636821
     0.562500008381903      0.955449894978300     -0.014249712568895     -0.008227162585782      0.087279006196073     -0.048306776638383     -0.027890081493847      0.005364513118749
     0.575000008568168      0.956532576962553     -0.014865715311001     -0.008582813825186      0.086614557449534     -0.049280218634187     -0.028452098728328      0.005370071716429
     0.587500008754432      0.957606757958067     -0.015493797081657     -0.008945438902758      0.085934478360627     -0.050246540903718     -0.029010005773521      0.005375514939441
     0.600000008940697      0.958672243922362     -0.016133866340324     -0.009314984972395      0.085238875873462     -0.051205539930342     -0.029563685130376      0.005380842379109
     0.612500009126961      0.959728842184914     -0.016785829041677     -0.009691397729634      0.084527859744557     -0.052157015331034     -0.030113020130435      0.005386053651307
     0.625000009313226      0.960776361506248     -0.017449588617932     -0.010074621413573      0.083801544458025     -0.053100765309171     -0.030657894258229      0.005391148305159
     0.637500009499490      0.961814612127749     -0.018125045971885     -0.010464598803436      0.083060048482383     -0.054036587511012     -0.031198190724152      0.005396125774096
     0.650000009685755      0.962843405820679     -0.018812099516018     -0.010861271242635      0.082303494207938     -0.054964282711601     -0.031733794663100      0.005400985628278
     0.662500009872019      0.963862555934019     -0.019510645195745     -0.011264578660666      0.081532007852264     -0.055883653545459     -0.032264592961718      0.005405727498498
     0.675000010058284      0.964871877448282     -0.020220576510001     -0.011674459576865      0.080745719937859     -0.056794504294157     -0.032790472807283      0.005410351056614
     0.687500010244548      0.965871187020571     -0.020941784522124     -0.012090851104373      0.079944764591898     -0.057696640110087     -0.033311321704226      0.005414855909665
     0.700000010430813      0.966860303033023     -0.021674157866398     -0.012513688953902      0.079129279817004     -0.058589866668837     -0.033827027458292      0.005419241593647
     0.712500010617077      0.967839045624360     -0.022417582801349     -0.012942907452403      0.078299406140218     -0.059473993909847     -0.034337479368394      0.005423507721437
     0.725000010803342      0.968807236750000     -0.023171943217182     -0.013378439557319      0.077455288897046     -0.060348832367409     -0.034842567874072      0.005427653941147
     0.737500010989606      0.969764700235050     -0.023937120664765     -0.013820216874052      0.076597077662561     -0.061214194894427     -0.035342184811995      0.005431679995151
     0.750000011175871      0.970711261817275     -0.024712994369195     -0.014268169668509      0.075724925449635     -0.062069895429503     -0.035836223022610      0.005435585566754
     0.762500011362135      0.971646749188810     -0.025499441253348     -0.014722226887491      0.074838988607630     -0.062915749794754     -0.036324576977218      0.005439370340311
     0.775000011548400      0.972570992047245     -0.026296335941818     -0.015182316150843      0.073939427573000     -0.063751574127639     -0.036807140519706      0.005443033873406
     0.787500011734664      0.973483822141305     -0.027103550805083     -0.015648363776962      0.073026406436653     -0.064577188098909     -0.037283809533959      0.005446575856589
     0.800000011920929      0.974385073299026     -0.027920956009619     -0.016120294802550      0.072100091543232     -0.065392415388404     -0.037754481484438      0.005449996031515
     0.812500012107193      0.975274581486621     -0.028748419538224     -0.016598033002016      0.071160653947275     -0.066197081302060     -0.038219055387831      0.005453294218927
     0.825000012293458      0.976152184853635     -0.029585807201341     -0.017081500895651      0.070208268314890     -0.066991012051047     -0.038677430914430      0.005456470148770
     0.837500012479722      0.977017723772919     -0.030432982666630     -0.017570619772041      0.069243112510928     -0.067774036213234     -0.039129509528105      0.005459523565372
     0.850000012665987      0.977871040881678     -0.031289807472816     -0.018065309698590      0.068265367683507     -0.068545983473433     -0.039575193534220      0.005462454109288
     0.862500012852252      0.978711981128832     -0.032156141072710     -0.018565489538260      0.067275218769827     -0.069306686958836     -0.040014386577326      0.005465261525449
     0.875000013038516      0.979540391808986     -0.033031840875479     -0.019071076969957      0.066272853424819     -0.070055983177577     -0.040446993933072      0.005467945599133
     0.887500013224781      0.980356122590867     -0.033916762300554     -0.019581988512012      0.065258461578038     -0.070793712951091     -0.040872922755318      0.005470506207748
     0.900000013411045      0.981159025578228     -0.034810758779836     -0.020098139535432      0.064232238031771     -0.071519717276822     -0.041292081258324      0.005472943168285
     0.912500013597310      0.981948955347264     -0.035713681788544     -0.020619444282606      0.063194380581164     -0.072233839620308     -0.041704379152460      0.005475256281911
     0.925000013783574      0.982725768976928     -0.036625380877151     -0.021145815896856      0.062145089447082     -0.072935926001704     -0.042109728512499      0.005477445339754
     0.937500013969839      0.983489326095962     -0.037545703695595     -0.021677166424779      0.061084568612484     -0.073625824378388     -0.042508041600475      0.005479510069339
     0.950000014156103      0.984239488918360     -0.038474496042389     -0.022213406845033      0.060013024897551     -0.074303386636367     -0.042899232981050      0.005481450306675
     0.962500014342368      0.984976122255134     -0.039411601926946     -0.022754447091146      0.058930666063846     -0.074968469647421     -0.043283219044068      0.005483265947411
     0.975000014528632      0.985699093580053     -0.040356863579995     -0.023300196069893      0.057837705131659     -0.075620931117077     -0.043659917649152      0.005484956883521
     0.987500014714897      0.986408273062405     -0.041310121489136     -0.023850561683216      0.056734357742775     -0.076260631594921     -0.044029248409774      0.005486522997635
     1.000000014901161      0.987103533589880     -0.042271214437769     -0.024405450859673      0.055620841369126     -0.076887434744910     -0.044391133455048      0.005487964172843
     1.012500015087426      0.987784750808181     -0.043239979544348     -0.024964769564420      0.054497376652027     -0.077501207371463     -0.044745495713042      0.005489280296297
     1.025000015273690      0.988451803151142     -0.044216252292726     -0.025528422815721      0.053364186641733     -0.078101818706462     -0.045092259432123      0.005490471180942
     1.037500015459955      0.989104571856277     -0.045199866593924     -0.026096314714819      0.052221495632586     -0.078689142923239     -0.045431351250855      0.005491536748288
     1.050000015646219      0.989742941019654     -0.046190654806563     -0.026668348466925      0.051069532309202     -0.079263055830027     -0.045762699486582      0.005492476907047
     1.062500015832484      0.990366797619975     -0.047188447778747     -0.027244426411179      0.049908527281955     -0.079823436585254     -0.046086234853584      0.005493291583357
     1.075000016018748      0.990976031547714     -0.048193074891644     -0.027824450047680      0.048738713492851     -0.080370167834164     -0.046401890228616      0.005493980743709
     1.087500016205013      0.991570535641642     -0.049204364098051     -0.028408320051560      0.047560326805571     -0.080903135307009     -0.046709599614379      0.005494544342246
     1.100000016391277      0.992150205690709     -0.050222141981934     -0.028995936299804      0.046373603234322     -0.081422229497366     -0.047009299159059      0.005494982370341
     1.112500016577542      0.992714940473777     -0.051246233789097     -0.029587197893636      0.045178781972214     -0.081927343352176     -0.047300926801734      0.005495294802771
     1.125000016763806      0.993264641791838     -0.052276463464374     -0.030182003182238      0.043976104789603     -0.082418372794020     -0.047584422379060      0.005495481609815
     1.137500016950071      0.993799214479788     -0.053312653686585     -0.030780249793400      0.042765814398759     -0.082895216541666     -0.047859728179850      0.005495542694064
     1.150000017136335      0.994318566447260     -0.054354625916888     -0.031381834651707      0.041548156778647     -0.083357777182097     -0.048126787947371      0.005495478033287
     1.162500017322600      0.994822608689077     -0.055402200452315     -0.031986654006103      0.040323378744486     -0.083805961585366     -0.048385547630696      0.005495287645071
     1.175000017508864      0.995311255294894     -0.056455196477691     -0.032594603457149      0.039091727882839     -0.084239680774784     -0.048635955358929      0.005494971579790
     1.187500017695129      0.995784423492157     -0.057513432093448     -0.033205577981392      0.037853455216959     -0.084658847999113     -0.048877961211086      0.005494529854276
     1.200000017881393      0.996242033659518     -0.058576724363553     -0.033819471963670      0.036608812843374     -0.085063380340853     -0.049111517850429      0.005493962519193
     1.212500018067658      0.996684009351730     -0.059644889358989     -0.034436179217744      0.035358054850121     -0.085453198361464     -0.049336579590793      0.005493269619353
     1.225000018253922      0.997110277315310     -0.060717742205075     -0.035055593009907      0.034101436578194     -0.085828226408005     -0.049553102634583      0.005492451202877
     1.237500018440187      0.997520767472617     -0.061795097146260     -0.035677606089867      0.032839212095240     -0.086188394010502     -0.049761045655304      0.005491507388927
