        1000  1.498899999999988E-003  9.460999999999923E-004
        1000  7.003999999999986E-004  4.427000000000105E-004
        1000  1.038599999999995E-003  6.455999999999962E-004
        1000  8.967999999999958E-004  5.478999999999968E-004
        1000  8.813999999999942E-004  5.463999999999970E-004
        1000  1.182900000000014E-003  6.979999999999944E-004
        1000  6.910999999999881E-004  4.188999999999940E-004
        1000  1.055900000000003E-003  6.350000000000023E-004
        1000  6.874999999999982E-004  4.086000000000068E-004
        1000  1.327799999999993E-003  8.366000000000003E-004
        1000  8.412000000000027E-004  5.089000000000120E-004
           1  7.439999999999997E-005  6.559999999999997E-005
           1  2.999999999999997E-005  2.539999999999997E-005
           1  4.440000000000000E-005  4.040000000000001E-005
           1  2.810000000000003E-005  2.350000000000003E-005
           1  5.680000000000003E-005  5.020000000000003E-005
           1  2.769999999999997E-005  2.319999999999997E-005
           1  2.419999999999999E-005  2.050000000000001E-005
           1  2.520000000000002E-005  2.130000000000003E-005
           1  2.670000000000000E-005  2.210000000000000E-005
      100000  9.131189999975806E-002  5.478159999998355E-002
      500000  0.445991900000336       0.267400699999561     
       12000  1.730890000000046E-002  1.154209999999845E-002
