        1000  2.837399999999996E-003  1.737500000000012E-003
        1000  1.149899999999997E-003  1.903999999999999E-004
        1000  4.088000000000002E-004  2.155000000000004E-004
        1000  6.401000000000150E-004  3.594000000000028E-004
        1000  3.151000000000004E-004  1.638000000000006E-004
        1000  4.469999999999987E-004  1.953999999999988E-004
        1000  2.373999999999974E-004  1.090999999999977E-004
           1  8.000000000000194E-007  6.000000000000146E-007
           1  8.000000000000194E-007  7.000000000000170E-007
           1  8.000000000000194E-007  6.000000000000146E-007
           1  7.999999999999652E-007  6.999999999999628E-007
           1  8.999999999999677E-007  6.000000000000146E-007
           1  6.000000000000146E-007  5.000000000000122E-007
         100  6.099999999999986E-005  3.099999999999972E-005
         100  5.150000000000011E-005  2.530000000000018E-005
         100  4.089999999999986E-005  2.020000000000006E-005
         100  7.769999999999961E-005  3.790000000000016E-005
       10000  2.169700000000005E-003  1.170700000000002E-003
       10000  3.783100000000015E-003  1.950400000000005E-003
       10000  2.473700000000015E-003  1.354200000000015E-003
       10000  2.102800000000007E-003  1.107600000000028E-003
	

  1.241900000000036E-003
       10000  1.250000018626451E-002  4.219199999999970E-003
  1.996199999999981E-003
       10000  1.250000018626451E-002  2.651199999999994E-003
  1.460700000000002E-003
       10000  1.250000018626451E-002  3.660200000000006E-003
  2.097900000000018E-003
     0.000000000000000      0.012500000186265      0.003148000000000      0.001800700000000
     0.000000000000000      0.012500000186265      0.002034200000000      0.001194100000000
     0.000000000000000      0.012500000186265      0.002506900000000      0.001424600000000
10000      0.012500000186265      0.002821200000000      0.001540600000000
10000      0.012500000186265      0.002715000000000      0.001525500000000
10000      0.012500000186265      0.003028800000000      0.001709800000000
10000      0.012500000186265      0.002606600000000      0.001487200000000
1000000      0.012500000186265      0.288277900000005      0.161618900000016
1000000      0.012500000186265      0.246325900000007      0.140320500000017
1000000      0.012500000186265      0.281268400000003      0.157819299999996
 1000000      0.012500000186265      0.254092399999999      0.142868799999996
100000000      0.012500000186265     33.068119200001263     18.552285099993611
100000000      0.012500000186265     26.021636999998286     14.620257699985814
100000000      0.012500000186265     23.065142900008968     12.937775600020144


     1000      0.012500000186265      0.002320864000000      0.001833363000000
    10000      0.012500000186265      0.022469576999998      0.017784126999999
  8000000      0.012500000186265     12.138814319660352      9.605974859993113
 80000000      0.012500000186265    145.102944193621170    116.711526765026548
           3  1.250000018626451E-002  4.261499999999970E-005
  2.640099999999975E-005
           3  1.250000018626451E-002  3.351699999999961E-005
  2.109600000000019E-005
    80000000  1.250000018626451E-002   132.430080063365     
   105.741603672241     
    80000000  1.250000018626451E-002   4.54495332899597     
   2.27292429300399     
    80000000  1.250000018626451E-002   4.51145020207482     
   2.26545153397877        111.678330525000     
    80000000  1.250000018626451E-002   5.17240915289080     
   2.59517565888661        39.0273121180000     
